$ 1 0.0000049999999999999996 10.20027730826997 50 5 50
! Sumator 0 p,a,b p',w Sumator 000\q00\n001\q01\n010\q01\n011\q10\n100\q01\n101\q10\n110\q10\n111\q11\n
208 -480 -32 -384 -32 0 Sumator 0 5
! Mod\s3 0 p,a,b p',w Sumator 000\q00\n001\q01\n010\q01\n011\q10\n100\q01\n101\q10\n110\q10\n111\q11\n
208 -336 -32 -240 -32 0 Mod\s3 0 5
208 -192 -32 -96 -32 0 Mod\s3 0 5
w -384 -32 -336 -32 0
w -240 -32 -192 -32 0
w -96 -32 -48 -32 0
208 -48 -32 48 -32 0 Mod\s3 5 0
w 48 -32 96 -32 0
M -384 0 -384 96 2 2.5
M -240 0 -240 96 2 2.5
M -96 0 -96 96 2 2.5
M 48 0 48 96 2 2.5
M 96 -32 96 96 2 2.5
L -480 -32 -512 -32 2 0 false 5 0
L -480 0 -512 0 2 1 false 5 0
L -480 32 -512 32 2 0 false 5 0
L -336 0 -368 0 2 0 false 5 0
L -336 32 -368 32 2 1 false 5 0
L -192 0 -224 0 2 1 false 5 0
L -192 32 -224 32 2 0 false 5 0
L -48 0 -80 0 2 1 false 5 0
L -48 32 -80 32 2 1 false 5 0
