$ 1 0.0000049999999999999996 10.20027730826997 50 5 50
! Mod\s3 0 p1,p0,Xi,Xi-1 p1',p0' Mod\s3 0000\q00\n0001\q01\n0010\q01\n0011\q10\n0100\q01\n0101\q10\n0110\q10\n0111\q00\n1000\q10\n1001\q00\n1010\q00\n1011\q01\n1100\q00\n1101\q00\n1110\q00\n1111\q00\n
208 -432 -32 -192 -32 2048 Mod\s3 0 0
208 -336 -32 -96 -32 2048 Mod\s3 0 0
208 -240 -32 0 -32 2048 Mod\s3 0 0
208 -144 -32 96 -32 2048 Mod\s3 0 0
208 -48 -32 192 -32 2048 Mod\s3 0 0
208 48 -32 288 -32 2048 Mod\s3 0 0
208 144 -32 384 -32 2048 Mod\s3 0 0
208 240 -32 480 -32 2048 Mod\s3 0 0
208 240 160 480 160 2048 Mod\s3 0 0
208 144 160 384 160 2048 Mod\s3 0 0
208 48 160 288 160 2048 Mod\s3 0 0
208 -48 160 192 160 2048 Mod\s3 0 0
208 -144 160 96 160 2048 Mod\s3 0 0
208 -240 160 0 160 2048 Mod\s3 0 0
208 -336 160 -96 160 2048 Mod\s3 0 0
208 -432 160 -192 160 2048 Mod\s3 0 0
w 336 64 336 96 0
w 336 96 -480 96 0
w -480 96 -480 256 0
w -464 224 -432 224 0
w 336 32 352 32 0
w 352 32 352 112 0
w 352 112 -464 112 0
w -464 112 -464 224 0
w -480 256 -432 256 0
! Dekoder 0 p0,p1 w Dekoder 00\q1\n??\q0\n
208 336 224 384 224 0 Dekoder 5
w 432 224 480 224 0
L -432 -32 -432 -48 2 0 false 5 0
L -432 0 -432 -16 2 0 false 5 0
L -336 -32 -336 -48 2 0 false 5 0
L -336 0 -336 -16 2 0 false 5 0
L -240 0 -240 -16 2 0 false 5 0
L -240 -32 -240 -48 2 0 false 5 0
L -144 -32 -144 -48 2 0 false 5 0
L -144 0 -144 -16 2 0 false 5 0
L -48 0 -48 -16 2 0 false 5 0
L -48 -32 -48 -48 2 0 false 5 0
L 48 -32 48 -48 2 0 false 5 0
L 48 0 48 -16 2 0 false 5 0
L 144 0 144 -16 2 0 false 5 0
L 144 -32 144 -48 2 0 false 5 0
L 240 -32 240 -48 2 0 false 5 0
L 240 0 240 -16 2 0 false 5 0
L -432 160 -432 144 2 0 false 5 0
L -432 192 -432 176 2 0 false 5 0
L -336 160 -336 144 2 0 false 5 0
L -336 192 -336 176 2 0 false 5 0
L -240 160 -240 144 2 0 false 5 0
L -240 192 -240 176 2 0 false 5 0
L -144 160 -144 144 2 0 false 5 0
L -144 192 -144 176 2 0 false 5 0
L -48 160 -48 144 2 0 false 5 0
L -48 192 -48 176 2 0 false 5 0
L 48 160 48 144 2 0 false 5 0
L 48 192 48 176 2 0 false 5 0
L 144 160 144 144 2 0 false 5 0
L 144 192 144 176 2 0 false 5 0
L 240 160 240 144 2 0 false 5 0
L 240 192 240 176 2 0 false 5 0
L -432 32 -528 32 2 0 false 5 0
L -432 64 -528 64 2 0 false 5 0
