$ 1 0.0000049999999999999996 10.20027730826997 50 5 50
! Bin\sto\sGray 0 p,a p',w Bin\sto\sGray 00\q00\n01\q11\n10\q01\n11\q10\n
208 -496 80 -256 80 0 Bin\sto\sGray 5 5
208 -368 80 -128 80 0 Bin\sto\sGray 5 0
w -368 80 -400 80 0
w -240 80 -272 80 0
w 16 80 -16 80 0
w -112 80 -144 80 0
208 -112 80 128 80 0 Bin\sto\sGray 0 0
208 -240 80 0 80 0 Bin\sto\sGray 0 5
w 144 80 112 80 0
208 144 80 384 80 0 Bin\sto\sGray 0 0
208 16 80 256 80 0 Bin\sto\sGray 0 0
208 272 80 512 80 0 Bin\sto\sGray 0 0
208 400 80 640 80 0 Bin\sto\sGray 0 0
w 400 80 368 80 0
w 272 80 240 80 0
w 272 208 240 208 0
w 400 208 368 208 0
208 400 208 640 208 0 Bin\sto\sGray 0 0
208 272 208 512 208 0 Bin\sto\sGray 0 0
208 16 208 256 208 0 Bin\sto\sGray 0 0
208 144 208 384 208 0 Bin\sto\sGray 0 0
w 144 208 112 208 0
208 -240 208 0 208 0 Bin\sto\sGray 0 0
208 -112 208 128 208 0 Bin\sto\sGray 0 0
w -112 208 -144 208 0
w 16 208 -16 208 0
w -240 208 -272 208 0
w -368 208 -400 208 0
208 -368 208 -128 208 0 Bin\sto\sGray 0 0
208 -496 208 -256 208 0 Bin\sto\sGray 0 0
w -496 208 -496 160 0
w -496 160 528 160 0
w 528 160 528 80 0
w 528 80 496 80 0
M -400 112 -400 16 2 2.5
M -272 112 -272 16 2 2.5
M -144 112 -144 16 2 2.5
M -16 112 -16 16 2 2.5
M 112 112 112 16 2 2.5
M 240 112 240 16 2 2.5
M 368 112 368 16 2 2.5
M 496 112 496 16 2 2.5
M -400 240 -400 336 2 2.5
M -272 240 -272 336 2 2.5
M -144 240 -144 336 2 2.5
M -16 240 -16 336 2 2.5
M 112 240 112 336 2 2.5
M 240 240 240 336 2 2.5
M 368 240 368 336 2 2.5
M 496 240 496 336 2 2.5
L -496 80 -512 80 2 0 false 5 0
L -496 112 -512 112 2 1 false 5 0
L -368 112 -384 112 2 1 false 5 0
L -240 112 -256 112 2 0 false 5 0
L -112 112 -128 112 2 0 false 5 0
L 16 112 0 112 2 0 false 5 0
L 144 112 128 112 2 0 false 5 0
L 272 112 256 112 2 0 false 5 0
L 400 112 384 112 2 0 false 5 0
L 400 240 384 240 2 0 false 5 0
L 272 240 256 240 2 0 false 5 0
L 144 240 128 240 2 0 false 5 0
L 16 240 0 240 2 0 false 5 0
L -112 240 -128 240 2 0 false 5 0
L -240 240 -256 240 2 0 false 5 0
L -368 240 -384 240 2 0 false 5 0
L -496 240 -512 240 2 0 false 5 0
