$ 1 0.000005 10.20027730826997 50 5 50
186 32 0 224 0 0
196 368 224 416 224 0
155 768 240 816 240 0 0
155 64 224 128 224 0 0
155 -112 224 -16 224 0 0
189 368 528 432 528 0
w -16 224 64 224 0
w 160 224 224 224 0
w 224 224 368 224 0
w 464 224 768 224 0
w 768 224 768 240 0
w 864 240 944 240 0
w 944 240 944 368 0
w 944 368 384 368 0
w 384 368 368 368 0
w 368 368 368 288 0
w 464 288 464 416 0
w 464 416 304 416 0
w 304 416 304 560 0
w 304 560 368 560 0
w 384 32 384 128 0
w 384 128 -160 128 0
w -160 128 -160 208 0
w -160 208 -112 208 0
w -112 208 -112 224 0
w 384 128 384 160 0
w 384 160 320 160 0
w 320 160 320 256 0
w 320 256 368 256 0
w -112 256 -112 528 0
w -112 368 48 368 0
w 48 368 48 256 0
w 48 256 64 256 0
w -112 368 -112 256 0
w 48 368 48 608 0
w 48 608 368 608 0
w 368 608 368 592 0
w -112 256 -112 64 0
w -112 64 32 64 0
w 768 272 688 272 0
w 688 272 688 384 0
w 688 384 64 384 0
w 64 384 64 368 0
w 64 368 48 368 0
R 224 -32 224 -64 0 0 40 5 0 0 0.5
R 128 -32 128 -80 0 0 40 5 0 0 0.5
R 32 32 -16 32 0 0 40 5 0 0 0.5
w 432 496 432 448 0
R -112 528 -112 576 1 2 100 2.5 2.5 0 0.5
R 288 -32 288 -80 0 0 40 5 0 0 0.5
R 320 -32 320 -64 0 0 40 5 0 0 0.5
o 47 64 0 4098 5 0.1 0 2 47 3
