$ 1 0.000005 10.20027730826997 50 5 50
164 480 288 608 288 0 4 0 0 0 5 false 0
w 576 288 640 288 0
w 640 288 640 432 0
w 624 432 432 432 0
w 432 432 432 384 0
w 432 384 480 384 0
w 624 432 640 432 0
w 576 320 608 320 0
w 608 320 608 224 0
R 288 288 128 304 1 2 100 2.5 2.5 0 0.5
w 608 224 272 224 0
w 272 224 272 256 0
w 272 256 288 256 0
w 384 272 480 272 0
w 480 272 480 288 0
w 576 352 656 352 0
w 576 384 656 384 0
w 288 288 384 272 0
o 1 64 0 4102 5 0.1 0 2 1 3
o 7 64 0 4102 5 0.1 0 2 7 3
o 15 64 0 4102 5 0.1 0 2 15 3
o 16 64 0 4102 5 0.1 0 2 16 3
