$ 1 0.000005 10.20027730826997 50 5 50
194 304 176 512 176 0 true 0.01
151 80 160 176 160 0 2 5 5
150 176 176 256 176 0 2 5 5
L 80 144 16 144 2 0 false 5 0
L 80 176 16 176 2 0 false 5 0
w 256 176 304 176 0
w 400 208 464 208 0
155 464 176 560 176 2 0
O 560 176 624 176 0
w 176 272 368 272 0
w 176 192 176 272 0
I 368 272 464 272 0 0.5 5
w 464 240 464 272 0
R 176 272 176 336 1 2 35 2.5 2.5 0 0.7000000000000001
x -43 144 -14 147 4 24 A1
x -43 180 -14 183 4 24 A2
x 189 319 205 322 4 24 B
w 368 272 368 336 0
w 368 336 448 336 0
w 448 336 448 176 0
w 448 176 464 176 0
w 400 176 416 176 0
o 5 32 0 4102 5 0.1 0 2 5 3 We
o 21 32 0 4102 5 0.1 0 2 21 3 T
o 8 32 0 4102 5 0.1 0 1 Wy
