$ 1 0.000005 5.023272298708815 64 7 50
w 112 192 112 224 0
w 112 224 176 224 0
c 112 224 112 288 0 2.0000000000000002e-7 2.160737111043865
g 112 288 112 304 0
r 112 192 112 64 0 1000000
w 112 64 240 64 0
R 112 64 80 64 0 0 40 5 0 0 0.5
O 352 160 416 160 0
165 176 96 192 96 6 4.999810728425508
w 240 64 304 64 0
w 304 64 304 128 0
w 352 160 304 160 0
w 352 160 352 32 0
r 352 32 160 32 0 15000
w 160 32 160 192 0
w 112 192 160 192 0
w 160 192 176 192 0
g 272 256 272 272 0
o 7 16 0 12298 4.999888910796332 0.0001 0 1
