$ 1 0.000005 10.20027730826997 50 5 50
164 528 240 704 240 0 4 0 5 0 5 false 0
w 624 240 704 240 0
w 704 240 720 240 0
w 720 240 720 336 0
w 720 240 784 240 0
w 624 272 688 272 0
w 688 272 688 336 0
w 704 416 704 480 0
w 704 480 400 480 0
w 400 480 400 352 0
w 400 352 400 336 0
w 400 336 448 336 0
w 496 320 528 320 0
w 528 320 528 336 0
w 624 400 432 400 0
w 432 400 432 304 0
w 432 304 448 304 0
w 528 240 368 240 0
R 368 240 288 240 1 2 100 2.5 2.5 0 0.5
w 688 272 784 272 0
w 624 304 784 304 0
w 624 336 784 336 0
150 448 320 496 320 0 3 0 5
w 704 416 720 416 0
w 720 416 720 336 0
w 688 336 688 400 0
w 688 400 624 400 0
w 624 336 624 432 0
w 624 432 416 432 0
w 416 432 416 320 0
w 416 320 448 320 0
o 4 64 0 4102 5 0.1 0 2 4 3
o 19 64 0 4102 5 0.1 0 2 19 3
o 20 64 0 4102 5 0.1 0 2 20 3
o 21 64 0 4102 5 0.1 0 2 21 3
