$ 1 0.000005 10.20027730826997 50 5 50
156 1072 160 1120 160 0 5
156 1072 320 1088 320 0 0
156 1072 480 1136 480 0 0
w 1344 384 1344 16 0
w 1344 16 224 16 0
w 224 16 224 496 0
w 1328 320 1328 32 0
w 1328 32 240 32 0
w 240 32 240 496 0
w 1312 256 1312 48 0
w 1312 48 272 48 0
w 272 48 272 496 0
w 1344 384 1344 544 0
w 1344 544 1168 544 0
w 1168 480 1328 480 0
w 1328 480 1328 320 0
w 1312 256 1312 384 0
w 1312 384 1168 384 0
w 1168 320 1296 320 0
w 1296 320 1296 64 0
w 1296 64 288 64 0
w 288 64 288 496 0
w 1168 224 1280 224 0
w 1280 224 1280 80 0
w 1280 80 304 80 0
w 304 80 304 496 0
w 1168 160 1264 160 0
w 1264 160 1264 96 0
w 1264 96 320 96 0
w 320 96 320 496 0
151 880 144 976 144 0 2 0 5
151 688 128 816 128 0 3 5 5
151 864 368 976 368 0 2 5 5
151 688 304 784 304 0 2 0 5
151 688 384 800 384 0 2 5 5
151 864 464 1008 464 0 2 0 5
151 864 560 1024 560 0 2 5 5
151 704 464 800 464 0 2 5 5
151 704 560 816 560 0 2 5 5
151 704 640 800 640 0 2 0 5
w 976 144 1072 144 0
w 1072 144 1072 160 0
w 880 128 848 128 0
w 880 160 848 160 0
w 848 160 848 128 0
w 848 128 816 128 0
w 688 112 240 112 0
w 240 112 240 32 0
w -64 80 -64 416 0
w -64 80 -64 64 0
w -64 128 -16 128 0
w 0 128 0 144 0
w -16 128 0 128 0
I 0 144 0 272 0 0.5 5
w -64 128 -64 80 0
w 96 240 96 128 0
w 96 128 688 128 0
w 1056 304 1056 320 0
w 1056 320 1072 320 0
w 976 368 1072 368 0
w 1072 368 1072 384 0
w 1008 464 1072 464 0
w 1072 464 1072 480 0
w 1024 560 1072 560 0
w 1072 560 1072 544 0
w 1072 192 1040 192 0
w 1040 192 1040 352 0
w 1040 352 1072 352 0
w 1040 352 1040 512 0
w 1040 512 1072 512 0
w 1040 512 1040 608 0
R 1040 608 1088 608 1 2 100 2.5 2.5 0 0.5
w 784 304 864 304 0
w 864 304 864 352 0
w 864 384 800 384 0
w 96 240 -64 240 0
w -64 240 -64 128 0
w 0 272 0 480 0
w 1056 304 1056 256 0
w 0 256 0 272 0
w 864 448 864 464 0
w 688 288 672 288 0
w 672 320 688 320 0
w -64 384 -64 416 0
w 704 448 -64 432 0
w -64 432 -64 416 0
w -64 432 -64 560 0
w 816 560 816 544 0
w 816 544 864 544 0
w 848 576 848 640 0
w 848 640 800 640 0
w 848 576 864 576 0
w 704 544 704 560 0
w 704 560 704 576 0
w 704 560 288 560 0
w 288 560 288 496 0
w 704 656 704 640 0
w 704 640 704 624 0
w 704 640 0 640 0
w 0 640 0 480 0
w 1264 160 1424 160 0
186 -320 -32 -240 -32 0
w 32 0 48 0 0
w 48 0 48 64 0
w 48 64 -64 64 0
w -320 736 1040 752 0
w 1040 752 1040 608 0
R -256 -64 -272 -96 0 0 40 5 0 0 0.5
R -160 -64 -160 -80 0 0 40 5 0 0 0.5
R -128 -64 -128 -80 0 0 40 5 0 0 0.5
R -64 -64 -64 -80 0 0 40 5 0 0 0.5
151 864 224 976 224 0 2 0 5
151 672 208 800 208 0 2 5 5
w 240 192 240 32 0
w 800 208 832 208 0
w 832 208 864 208 0
w 976 224 1008 224 0
w 1008 224 1008 256 0
w 1008 256 1056 256 0
w 672 288 224 288 0
w 224 288 224 16 0
w 672 320 0 320 0
w 0 320 0 256 0
w 688 368 240 368 0
w 240 368 240 192 0
w 688 400 -64 384 0
M 1424 160 1424 16 0 2.5
w -320 736 -416 736 0
w -336 32 -320 32 0
w 864 464 800 464 0
w 704 480 304 480 0
w 304 480 304 496 0
R -320 0 -352 -48 0 0 40 5 0 0 0.5
w 688 144 288 144 0
w 288 144 288 64 0
x 187 507 220 510 4 24 /q1
x 220 530 246 533 4 24 q1
x 254 526 287 529 4 24 /q2
x 266 589 292 592 4 24 q2
x 287 529 320 532 4 24 /q3
x 330 511 356 514 4 24 q3
w 672 192 240 192 0
w 656 224 656 256 0
w 656 224 672 224 0
w 656 256 0 256 0
w 864 240 864 208 0
w 864 464 864 480 0
w -416 736 -416 32 0
w -416 32 -336 32 0
