$ 1 0.000005 10.20027730826997 50 5 50
156 576 208 704 208 0 0
154 768 176 864 176 0 2 5 5
I 464 288 512 288 0 0.5 5
w 672 208 752 208 0
w 752 208 752 192 0
w 752 192 768 192 0
w 864 176 912 176 0
w 912 176 1008 176 0
w 912 176 912 384 0
w 912 384 352 384 0
w 352 384 352 288 0
w 352 288 464 288 0
w 576 240 480 240 0
w 480 240 480 160 0
w 480 160 768 160 0
w 480 160 704 160 0
w 704 160 704 112 0
R 704 112 704 48 0 2 40 5 0 0 0.5
w 512 288 560 288 0
w 560 288 560 272 0
w 560 272 576 272 0
w 576 208 432 208 0
w 416 208 416 288 0
w 416 288 352 288 0
w 432 208 416 208 0
M 1008 176 1008 240 0 2.5
