$ 1 0.000005 10.20027730826997 50 5 50
194 320 256 400 256 0 false 0.01
151 672 256 720 256 0 2 5 5
151 544 272 624 272 0 2 5 5
151 544 352 608 352 0 2 0 5
w 672 272 672 352 0
w 672 352 608 352 0
w 624 272 624 240 0
w 624 240 672 240 0
w 720 256 768 256 0
w 944 256 944 112 0
w 944 112 496 112 0
w 496 112 496 336 0
w 496 336 544 336 0
w 544 368 432 368 0
w 432 368 432 288 0
w 432 288 416 288 0
w 544 288 528 288 0
w 528 288 528 432 0
w 528 432 928 432 0
w 928 432 928 288 0
w 928 288 864 288 0
155 768 224 784 224 0 5
w 768 224 736 224 0
w 736 224 736 160 0
150 224 256 288 256 0 3 0 5
w 288 256 320 256 0
I 144 240 192 240 0 0.5 5
w 192 240 224 240 0
w 224 256 176 256 0
w 176 256 176 272 0
w 176 272 176 368 0
w 224 272 176 272 0
w 144 240 80 240 0
w 80 240 80 208 0
w 736 160 928 160 0
w 928 160 928 288 0
w 80 208 80 160 0
w 80 160 544 160 0
w 544 160 544 256 0
R 176 368 128 416 0 0 40 5 0 0 0.5
w 80 240 48 240 0
R 48 240 48 176 0 2 40 5 0 0 0.5
w 864 224 864 256 0
w 864 256 944 256 0
w 944 256 1024 256 0
M 1024 256 1120 256 0 2.5
o 41 64 0 4102 5 0.1 0 2 41 3
o 44 64 0 4102 5 0.1 0 2 44 3
