$ 1 0.000005 10.20027730826997 50 5 50
155 304 240 432 240 6 0
I 512 240 608 240 0 0.5 5
I 608 240 704 240 0 0.5 5
I 704 240 784 240 0 0.5 5
w 400 240 448 240 0
w 448 240 512 240 0
w 448 240 448 144 0
w 448 144 528 144 0
w 784 240 832 240 0
R 304 272 160 272 0 2 40 5 0 0 0.5
R 304 240 272 240 0 0 40 5 0 0 0.5
w 832 304 832 240 0
I 832 304 672 304 0 0.5 5
I 144 304 208 304 0 0.5 5
w 208 304 304 304 0
w 400 304 672 304 0
R 144 304 96 304 0 0 40 5 0 0 0.5
o 9 64 0 4102 5 0.1 0 2 9 3
o 7 64 0 4102 5 0.1 0 2 7 3
