$ 1 0.000005 10.20027730826997 50 5 50
189 464 256 544 256 0
R 464 320 208 320 1 2 100 2.5 2.5 0 0.5
w 752 224 752 144 0
w 752 144 576 144 0
I 576 144 448 144 0 0.5 5
w 448 144 448 288 0
w 448 288 464 288 0
M 528 224 528 192 0 2.5
M 560 224 560 192 0 2.5
M 592 224 592 192 0 2.5
M 624 224 624 192 0 2.5
M 656 224 656 192 0 2.5
M 688 224 688 192 0 2.5
M 720 224 720 192 0 2.5
M 752 224 800 192 0 2.5
o 6 64 3 4102 5 0.1 0 1
o 7 64 0 4102 5 0.1 0 1
o 8 64 0 4102 5 0.1 0 1
o 9 64 0 4102 5 0.1 0 1
o 10 64 0 4102 5 0.1 0 1
o 11 64 0 4102 5 0.1 0 1
o 12 64 0 4102 5 0.1 0 1
o 13 64 0 4102 5 0.1 0 1
o 14 64 0 4102 5 0.1 0 1
