$ 1 0.000005 10.20027730826997 50 5 50
151 1152 0 1296 0 0 2 0 5
151 1152 96 1296 96 0 2 5 5
151 1152 208 1280 208 0 2 0 5
151 1152 304 1280 304 0 2 5 5
151 1152 448 1280 448 0 2 0 5
151 1152 544 1280 544 0 2 5 5
w 1296 0 1296 32 0
w 1296 32 1104 64 0
w 1104 64 1104 80 0
w 1104 80 1152 80 0
w 1296 96 1296 80 0
w 1296 80 1104 48 0
w 1104 48 1104 32 0
w 1104 32 1104 16 0
w 1104 16 1152 16 0
w 1280 544 1280 528 0
w 1280 528 1120 480 0
w 1120 480 1120 464 0
w 1120 464 1152 464 0
w 1152 528 1120 528 0
w 1120 528 1120 512 0
w 1120 512 1280 480 0
w 1280 480 1280 448 0
w 1280 304 1280 288 0
w 1280 288 1104 240 0
w 1104 240 1104 224 0
w 1104 224 1152 224 0
w 1280 208 1280 240 0
w 1280 240 1104 272 0
w 1104 272 1104 288 0
w 1104 288 1152 288 0
w 1280 544 1776 544 0
w 1776 544 1792 -208 0
w 1792 -208 -272 -208 0
w -272 -208 -272 768 0
w 1280 448 1744 448 0
w 1744 448 1760 -176 0
w 1760 -176 -240 -176 0
w -240 -176 -240 768 0
w 1280 304 1728 304 0
w 1728 304 1728 -160 0
w 1728 -160 -208 -144 0
w -208 -144 -208 768 0
w 1280 208 1696 208 0
w 1696 208 1696 -128 0
w 1696 -128 -176 -128 0
w -176 -128 -176 768 0
w 1296 96 1664 96 0
w 1664 96 1664 -96 0
w 1664 -96 -128 -96 0
w -128 -96 -128 736 0
w 1296 0 1632 0 0
w 1632 0 1632 -64 0
w 1632 -64 -64 -64 0
w -64 -64 -64 768 0
I -416 -32 -416 64 0 0.5 5
w -464 -64 -416 -64 0
w -416 -64 -416 -32 0
w -464 -64 -464 784 0
w -416 64 -416 784 0
x -294 791 -261 794 4 24 /q0
x -248 821 -222 824 4 24 q0
x -217 791 -184 794 4 24 /q1
x -181 816 -155 819 4 24 q1
x -137 788 -104 791 4 24 /q2
x -81 811 -55 814 4 24 q2
151 976 -16 1104 -16 0 3 5 5
151 704 -32 768 -32 0 2 0 5
151 704 32 768 32 0 2 5 5
151 704 96 768 96 0 2 5 5
151 992 112 1088 112 0 2 0 5
151 704 176 768 176 0 2 5 5
151 704 240 768 240 0 2 5 5
151 960 208 1040 208 0 2 5 5
151 960 304 1056 304 0 2 5 5
151 464 288 560 288 0 2 5 5
151 480 368 576 368 0 2 0 5
151 480 448 576 448 0 2 0 5
151 960 416 1088 416 0 3 5 5
151 976 560 1104 560 0 2 5 5
151 704 432 816 432 0 2 5 5
151 704 496 832 496 0 2 0 5
151 736 624 848 624 0 2 0 5
151 736 688 864 688 0 2 0 5
w 1152 416 1152 432 0
w 976 576 976 688 0
w 976 688 864 688 0
w 976 544 960 544 0
w 960 544 960 624 0
w 960 624 848 624 0
w 960 432 960 496 0
w 960 496 848 496 0
w 848 496 832 496 0
w 816 432 912 432 0
w 912 432 912 400 0
w 912 400 960 400 0
w 960 320 960 368 0
w 960 368 640 368 0
w 640 368 640 448 0
w 640 448 576 448 0
w 960 288 928 288 0
w 928 288 928 352 0
w 928 352 624 352 0
w 624 352 624 368 0
w 624 368 576 368 0
w 560 288 560 320 0
w 560 320 912 320 0
w 912 320 912 256 0
w 912 256 960 256 0
w 960 256 960 224 0
w 576 224 576 288 0
w 576 288 880 288 0
w 880 288 880 240 0
w 880 240 928 240 0
w 928 240 928 208 0
w 928 208 928 192 0
w 928 192 960 192 0
w 992 128 992 160 0
w 992 160 864 160 0
w 864 160 864 240 0
w 768 240 864 240 0
w 768 176 832 176 0
w 832 176 832 144 0
w 832 144 976 144 0
w 976 144 976 96 0
w 976 96 992 96 0
w 768 96 928 96 0
w 928 96 928 64 0
w 928 64 976 64 0
w 976 64 976 0 0
w 976 -16 960 -16 0
w 960 -16 960 48 0
w 960 48 784 48 0
w 784 48 784 32 0
w 784 32 768 32 0
w 768 -32 976 -32 0
w 704 -48 -192 -48 0
w -192 -48 -208 -48 0
w -208 -48 -208 -144 0
w 704 -16 -352 -16 0
w -352 -16 -352 48 0
w -352 48 -352 64 0
w -352 64 -416 64 0
w -464 96 128 96 0
w 704 48 128 48 0
w 128 48 128 96 0
w -128 16 -128 -96 0
w 704 80 672 80 0
w 704 112 672 112 0
w 672 112 672 96 0
w 672 96 160 96 0
w 160 96 160 112 0
w 160 112 160 128 0
w -272 128 -272 -208 0
w 704 256 688 256 0
w 688 256 688 240 0
w 688 240 688 224 0
w 688 224 704 224 0
w 688 240 608 240 0
w 608 240 608 176 0
w 608 176 400 176 0
w 704 192 656 192 0
w 656 192 656 176 0
w 704 160 656 160 0
w 656 160 656 176 0
w 656 176 640 176 0
w 640 176 640 128 0
w 640 128 224 128 0
w 224 128 224 160 0
w 224 160 -464 160 0
w -464 96 -464 -48 0
w -464 -48 -464 -64 0
w -464 160 -464 -64 0
w 400 176 256 176 0
w 256 176 256 192 0
w 256 192 -176 192 0
w -176 192 -176 -128 0
w 416 208 416 240 0
w 416 240 464 240 0
w 416 240 -272 240 0
w -272 224 -272 128 0
w 464 272 432 272 0
w 432 272 432 288 0
w 432 288 432 304 0
w 432 304 464 304 0
w 432 288 -464 288 0
w -464 256 -464 160 0
w 480 384 448 384 0
w 448 384 448 368 0
w 448 368 448 352 0
w 448 352 480 352 0
w 448 368 -416 352 0
w -416 352 -416 64 0
w 480 432 448 432 0
w 448 432 448 448 0
w 448 448 448 464 0
w 448 464 480 464 0
w 448 448 -128 448 0
w -128 448 -128 16 0
w 704 416 656 416 0
w 656 416 656 448 0
w 704 448 656 448 0
w 656 448 656 464 0
w 704 480 688 480 0
w 688 480 688 512 0
w 688 512 704 512 0
w 688 512 688 544 0
w 688 544 592 544 0
w 656 464 656 512 0
w 656 512 -176 512 0
w -176 512 -176 192 0
w 592 544 -416 544 0
w -416 544 -416 352 0
w 736 640 -416 640 0
w -416 640 -416 544 0
w 736 704 -208 704 0
w -208 704 -208 -48 0
w -880 144 -880 64 0
w -880 64 -784 64 0
w -768 64 -784 64 0
w -784 160 -880 160 0
w -880 176 -880 272 0
w -880 272 -752 272 0
w -624 288 -624 592 0
w -624 592 -272 592 0
w -272 592 -272 224 0
w -624 256 -560 256 0
w -560 256 -560 496 0
w -560 496 -176 496 0
w -176 496 -176 512 0
w -640 192 -512 192 0
w -512 192 -512 464 0
w -512 464 -208 464 0
w -208 464 -208 -48 0
w -640 160 -496 160 0
w -496 160 -496 400 0
w -496 400 -240 400 0
w -240 400 -240 -176 0
w -608 48 -608 64 0
w -608 64 -608 80 0
w -608 64 -528 64 0
w -528 64 -528 48 0
w -528 48 -64 48 0
w -64 48 -64 -64 0
w -1248 160 -1264 -160 0
w 1152 192 1152 208 0
w -1248 160 -1008 160 0
151 -640 48 -752 48 0 2 5 5
151 -688 160 -784 160 0 2 5 5
151 -656 272 -752 272 0 2 5 5
151 -896 144 -1008 144 0 3 0 5
w -640 64 -608 80 0
w -608 48 -640 32 0
w -768 64 -752 48 0
w -688 144 -640 160 0
w -640 192 -688 176 0
w -656 256 -624 256 0
w -624 288 -656 288 0
w -880 176 -896 160 0
w -880 160 -896 144 0
w -880 144 -896 128 0
w -1008 144 -1008 160 0
w 1104 -16 1152 -16 0
w 1088 112 1152 112 0
w 1040 208 1152 208 0
w 1056 304 1152 304 0
w 1088 416 1152 416 0
w 1104 560 1152 560 0
w 576 224 544 224 0
R -464 -64 -464 -240 0 2 40 5 0 0 0.5
w 704 16 576 16 0
w 576 48 704 48 0
w 576 16 576 48 0
w 1152 304 1152 320 0
w 160 128 -240 128 0
w -240 128 -240 -176 0
151 464 208 544 208 0 2 0 5
w 416 208 416 192 0
w 416 192 464 192 0
w 464 240 464 224 0
w 544 208 544 224 0
w 672 80 672 96 0
151 736 560 816 560 0 2 5 5
w 736 544 704 544 0
w 704 544 704 560 0
w 704 560 -64 560 0
w -64 560 -64 752 0
w -64 752 -64 768 0
w 816 560 928 560 0
w 928 560 928 416 0
w 928 416 960 416 0
w 736 672 736 704 0
w 736 576 704 576 0
w 704 576 704 560 0
w 736 608 736 640 0
w -272 240 -272 128 0
w -464 288 -464 256 0
o 244 64 0 4102 5 0.1 0 2 244 3
o 269 64 0 4102 5 0.1 0 2 269 3
